1 2    2 2    4 4
2 2    21 2    21 4
3 2    2 21    4 21
4 1    2 4
5 1    21 4
6 1    2 21
7 2    2 -1    4 -3
8 2    21 -3    21 -1
9 2    2 -3    4 -1
10 1    4 2
11 1    21 2
12 1    4 21
13 2    -3 4    -1 2
14 2    -3 21    -1 21
15 2    -3 2    -1 4
16 2    -3 -3    -1 -1
17 1    -1 -3
18 1    21 -3
19 1    -1 21
20 1    -3 -1
21 1    21 -1
22 1    -3 21
23 2    1 1    3 3
24 2    21 1    21 3
25 2    1 21    3 21
26 1    1 3
27 1    21 3
28 1    1 21
29 2    1 -2    3 -4
30 2    21 -4    21 -2
31 2    1 -4    3 -2
32 1    3 1
33 1    21 1
34 1    3 21
35 2    -4 3    -2 1
36 2    -4 21    -2 21
37 2    -4 1    -2 3
38 2    -4 -4    -2 -2
39 1    -2 -4
40 1    21 -4
41 1    -2 21
42 1    -4 -2
43 1    21 -2
44 1    -4 21
